1: smcts_100_heat1
2: smcts_100_binary_product2
1: 11,2;11,1;12,1;12,0;13,0;
2: 13,0;12,0;12,1;12,2;11,2;
1: 8,5;9,5;9,4;9,3;10,3;
2: 8,5;8,4;9,4;9,3;10,3;
1: 6,9;6,8;6,7;6,6;7,6;
2: 9,6;9,7;9,8;8,8;7,8;
1: 10,0;9,0;9,1;8,1;
2: 8,1;8,2;7,2;7,3;
1: 7,4;6,4;5,4;5,3;5,2;
2: 6,4;5,4;4,4;
1: 8,7;9,7;10,7;10,6;11,6;
2: 11,4;11,5;11,6;11,7;11,8;
1: 11,10;11,9;12,9;11,8;
2: 7,0;6,0;5,0;5,1;
1: 13,13;13,12;13,11;13,10;12,11;
2: 9,12;9,11;9,10;10,10;10,9;
1: 10,13;9,13;9,12;10,12;10,11;
2: 3,3;
1: 7,0;6,0;5,0;4,0;
2: 10,0;9,0;
1: 1,2;2,2;2,1;3,1;2,0;
2: 13,12;13,11;13,10;13,9;12,9;
1: 5,10;
2: 1,1;2,1;2,2;
1: 8,11;8,10;9,10;
2: 13,3;13,4;13,5;13,6;
1: 12,5;12,4;13,4;11,4;12,3;
1: 4,12;3,12;3,11;4,11;
1: 6,12;7,12;
1: 13,8;13,7;13,6;
1: 2,10;1,10;1,9;1,8;
1: 3,9;3,8;3,7;3,6;3,5;
